422
7799
1764
9459
782
2054
6555
7912
7184
3039
2108
5763
4897
8339
3450
3084
4445
3494
3182
3254
7174
1230
244
1160
925
8271
967
4592
6688
1862
8970
8057
2581
2723
7736
6443
3430
315
9022
4371
878
1854
2455
7412
7554
8197
5368
9485
5154
3759
4030
5387
9330
3388
8708
2145
8020
7386
3289
8133
6585
6975
177
9374
5911
9703
4426
524
7308
32
770
327
8212
5490
9014
4396
823
435
9326
1700
7703
6092
9031
3973
4744
2309
1218
8078
3408
4630
1835
7310
6481
9329
59
4469
2004
6795
9682
974
6248
4059
9055
7612
7787
5941
4593
7987
2296
3287
2595
3929
5042
3764
3299
1325
3183
6176
6868
4568
6200
1901
8597
2818
9056
564
1345
6006