422
7799
1764
9459
782
2054
6555
7912
7184
3039
2108
5763
4897
8339
3450
3084
4445
3494
3182
3254
7174
1230
244
1160
925
8271
967
4592
6688
1862
8970
8057
2581
2723
7736
6443
3430
315
9022
4371
878
1854
2455
7412
7554
8197
5368
9485
5154
3759
4030
5387
9330
3388
8708
2145
8020
7386
3289
8133
6585
6975
177
9374
5911
9703
4426
524
7308
32
770
327
8212
5490
9014
4396
823
435
9326
1700
7703
6092
9031
3973
4744
2309
1218
8078
3408
4630
1835
7310
6481
9329
59
4469
2004
6795
9682
974
6248
4059
9055
7612
7787
5941
4593
7987
2296
3287
2595
3929
5042
3764
3299
1325
3183
6176
6868
4568
6200
1901
8597
2818
9056
564
1345
6006
7939
790
8647
1450
8721
3141
7580
2217
1994
9469
368
8306
812
103
4431
2837
8379
4321
3081
1371
1824
8295
6739
757
3765
7061
8399
1433
2703
8512
1513
6346
9053
9986
4835
5079
5072
9830
3178
3843
2044
480
6012
4893
5002
9246
2715
9577
6385
277
9715
4320
5592
1648
4494
2247
8897
7708
4918
7820
8956
7544
4473
8645
4590
9373
8588
9509
1787
5835
1315
5567
6459
5717
6015
5711
1996
8143
4073
9013
9587
293
3311
7796
2937
1934
3340
1098
580
6738
604
8258
2355
3048
7120
5304
1550
4085
4430
8347
8188
4240
796
4345
3286
1306
2510
4037
1245
6973
3966
1917
7431
2514
9244
1850
1968
6009
743
4920
2302
6931
2074
7480
8533
8771
8169
1699
492
7813
2397
8112
9039
7054
5342
9688
5030
6774
5665
6473
3333
4578
3234
3544
9190
268
2324
7960
934
359
4681
2776
6279
8263
6297
2016
4285
6605
9024
6936
9698
2380
4122
7677
2464
1541
1489
6033
4751
6433
828
5029
8204
656
2502
2997
9548
6416
1164
499
6401
4497
5003
6536
4812
2967
3673
8087
4227
4767
2050
3907
948
7079
9670
3667
2395
6888
6369
5235
912
7991
4443
3790
6229
5979
7840
634
382
1552
6562
8803
657
3148
7854
3787
9440
4608
5132
5377
2244
2434
2843
1728
2636
8793
5595
5050
1927
5913
7901
6613
3774
337
2408
6514
1277
7743
7880
3417
3804
5785
9898
7509
8072
1820
7505
3942
6962
921
6107
5840
2684
5710
3758
5016
9404
5508
1506
5229
8947
900
447
3870
8165
3584
8543
5847
867
4859
8952
6987
2571
7803
774
6645
2206
7405
6925
7520
9217
5961
3775
9860
7384
8615
2539
8691
6560
9568
1351
3828
9820
1705
2286
6398
3826
2284
4317
3511
2662
856
571
1054
807
971
4903
2135
4248
4998
4796
4367
7032
4727
2587
380
6666
387
3879
3064
1472
1226
9177
233
4525
1482
3174
8654
1570
2249
8233
2064
4324
4883
2443
857
4522
8327
6724
1222
2086
2521
3636
8853
7811
5163
49
7819
5870
4022
4692
1285
5784
5815
4688
4955
7376
5227
336
3823
1318
8201
7632
1141
1620
4124
6629
1603
4660
2827
2923
7903
2562
5864
7493
1358
1591
1212
9938
8436
3551
2228
2257
7789
5117
8139
9944
8635
7356
1880
210
817
4650
1034
8759
3713
784
2
4212
4529
1882
389
8546
4562
7546
3753
6440
6122
7122
2507
5698
7982
963
5187
7909
3397
3459
9276
1391
9902
3984
2755
6862
643
5040
3199
7038
1518
9499
7037
2343
5535
4429
2178
8953
245
3909
5084
4628
1986
2960
2849
7593
6044
7928
7717
9109
8875
8828
2477
7462
9266
3580
4139
4519
9230
4177
935
9179
7460
1706
175
7865
1207
6058
5355
376
2696
1024
7845
7687
5543
3041
2117
2959
6306
635
6142
495
503
1196
3791
3045
3736
1678
2862
4705
561
5075
4986
3770
7198
8462
8573
1019
3889
7732
3771
416
2992
7060
3869
9148
8520
1935
1759
1587
6480
7992
6314
2744
9202
1405
542
5802
2646
3990
4403
3354
4193
6014
736
1872
61
2624
6396
5167
4153
292
1236
8693
5331
9625
253
919
2147
500
9836
4668
6955
8009
6819
1449
2428
605
1804
2990
7948
7645
1398
3523
5617
3490
560
8663
653
338
116
1283
1991
41
7885
6600
9616
7679
255
1324
873
2293
4374
2610
801
511
6735
3170
9656
7850
9141
970
1168
6170
7335
3469
6570
6634
7306
331
7653
1815
374
9655
5090
2913
1720
3574
8838
9702
3719
7309
2401
4184
6937
8354
5919
1114
9588
226
8404
9865
9562
9080
9181
2252
9949
21
4298
125
3115
7586
9808
9858
5223
5556
1879
576
1121
172
1630
4451
5988
2844
4069
7660
1145
7326
2307
5173
3974
3127
6364
272
1645
1473
2962
4635
9927
2742
1616
7315
1423
6783
7343
8334
5126
8318
8974
2743
97
7264
4594
2288
7105
8795
7369
5833
2788
3105
6299
4457
7615
5186
2977
5505
3027
2218
6366
6687
3702
2357
3104
4654
2876
6876
1766
2388
9552
7147
8842
1062
5620
316
6013
670
354
65
2250
8672
2430
1016
2983
7447
6594
960
5684
8191
5588
2483
6191
8413
1426
5411
1795
7994
4778
5844
7504
3040
8375
1143
4427
8565
302
1802
7816
2965
3097
2414
1558
9620
6227
8665
7292
8116
4643
3181
2609
7668
1885
7783
9920
154
1670
6509
877
5954
6007
2018
8114
8935
1269
1467
7965
6599
6526
927
1672
4822
4390
9626
3144
7707
6059
7949
3624
5334
5597
1120
4764
4532
5822
4221
9943
9970
2516
3583
5059
5932
1223
7415
5702
2051
5350
8939
2643
9549
4831
721
7888
7818
1130
8065
4781
8622
6558
4505
4305
3030
9129
9399
1928
221
9194
1162
7997
8155
5924
4143
625
2882
296
6554
1516
683
6388
2642
6283
5457
8683
7225
4772
9727
2138
314
2088
6086
9115
6403
2685
7002
8992
8551
3400
6994
2188
8444
4277
5885
1496
69
2593
2928
2963
3768
6432
3666
283
9735
8714
7730
3269
5228
6627
411
9159
3421
231
7753
5723
5519
4704
2676
7808
5701
838
5275
7423
3481
2290
5481
1346
1636
5640
5816
7846
952
3426
9027
9695
1273
3976
7548
1851
5662
9331
5279
5754
4231
6659
3270
3868
1070
9102
7486
4557
3154
9771
682
5373
5714
5886
9511
1204
4039
3398
8895
4981
661
324
6305
9905
6803
8526
8592
1342
2584
9379
8043
2055
7711
2435
1110
735
5529
2436
3715
2785
8717
5824
2396
6011
1232
8523
7817
504
8725
1918
3905
406
4567
3925
3737
9718
8011
7961
9502
9594
2738
7067
901
7985
5445
8623
2025
1758
4898
4301
1571
5345
3784
2346
5538
2337
5548
966
5554
3292
2349
3229
1097
9526
3376
5257
2028
7331
4444
9114
8944
7990
2745
451
2675
3943
6390
6424
2351
2203
1859
4914
2719
1200
8198
2658
6083
4770
7051
1999
5354
2820
2930
6277
364
7488
8113
2170
7397
9677
2254
2520
3296
5124
567
5902
5249
601
1676
3961
1260
1101
7176
3251
9174
8817
7907
436
7794
5653
488
1434
7776
2591
9258
8045
1354
5649
1963
4954
2561
9967
4864
1209
1072
329
1381
640
7459
5859
2777
2305
9834
2611
8574
7754
1564
6347
3108
4491
4490
3316
3318
2365
7929
1536
2095
5170
4548
156
7433
3661
4295
6189
7821
8303
9035
1904
840
1828
6106
7453
9984
8022
9105
8844
243
9600
2131
1052
8016
3839
360
5990
8529
4790
9224
5303
5420
7469
3731
1853
6016
6419
5922
5992
6818
5051
6031
6165
8495
2681
8758
7230
7111
959
1439
1796
8821
5958
5110
3684
4265
2848
1374
4094
3173
4355
2212
5092
7289
6911
1488
7610
1866
2423
8359
4211
7057
2325
2310
5329
1128
6619
6411
8305
689
8809
9990
1716
864
6636
7765
8864
8942
1402
5010
1825
9804
5998
1126
815
8200
5293
448
9782
191
9458
1826
5671
6974
5463
1344
4565
4179
768
8473
8518
4035
2301
627
9413
6958
9442
5781
9934
8245
973
9755
1172
4488
3581
1380
3220
9150
8742
4151
3516
4718
3618
3689
8937
6817
5679
6765
3456
2167
2840
2633
2166
2431
8820
1634
450
3668
804
724
535
1806
7404
469
1265
939
4925
3425
5664
8099
9471
6686
2308
5882
1017
2153
4353
1138
2445
941
1733
3996
3164
8047
2940
6435
5210
3
5742
8079
8098
3224
6814
3386
2374
1409
5743
7114
3561
3273
673
7596
7842
2649
9170
1486
1006
3959
6571
2478
6354
2092
5989
2746
4242
5225
7049
3239
7899
4763
8706
3107
1606
155
5571
3529
5301
4474
466
1089
4185
4084
6353
1481
9320
825
6116
5451
7528
7971
5968
8357
4260
1151
1211
7383
6302
9773
5803
2385
4716
8086
8835
9864
3282
2764
8132
4470
9761
7288
7487
6886
1291
3332
7406
9107
5544
6413
4514
334
9886
3092
6428
5032
8810
2294
9662
1507
1304
6881
2895
9912
2433
6254
3585
9007
1915
9138
6308
3037
3402
541
9412
1026
1590
1906
8855
4610
8167
9872
833
6441
6582
5438
9271
5500
914
8560
2839
704
1220
5461
6776
1657
6462
404
4762
1117
6778
1350
4843
4255
6650
7214
7658
1249
7297
8702
3752
737
6465
2463
2727
507
2664
8829
2200
6298
4779
2098
2511
1817
2728
4946
1107
1383
6601
3253
1546
2706
200
6745
7822
1523
2065
479
266
3102
4214
9884
6564
4087
4609
2885
7082
8038
4818
3837
1045
5159
35
2924
9740
8713
1131
2066
1684
2299
5709
7390
4428
6508
2279
7892
9529
308
7670
1343
9954
72
5865
3963
6986
1981
446
2784
1863
1619
2426
6430
9811
848
741
2219
6321
2329
7193
7908
5455
9260
8590
745
4481
2527
7916
9418
4440
2713
6045
1025
8090
8716
1838
220
3201
716
9460
4245
2534
2260
3535
7705
2392
8969
1146
3033
6110
711
257
2278
874
9810
3483
165
2030
9882
9087
319
8393
4597
2115
9543
527
2688
6028
5347
1152
672
2032
9874
6872
2832
3579
5406
2612
9128
7091
9795
7056
1711
9785
3507
7671
7048
913
7527
3648
5655
1376
5809
3418
6538
3932
1675
6847
2261
9671
8477
4702
4631
2659
3855
121
7564
8024
6151
1060
2011
280
9863
5637
1170
7263
8117
4642
847
139
1471
5207
458
1329
1625
321
8128
6472
9880
4335
8184
4083
2577
4354
4740
4521
6620
4276
5442
5774
3409
9352
9346
3724
7897
401
8239
945
7118
2273
2194
8276
3815
6938
5797
1359
8661
9464
2903
9162
8333
637
9041
4960
5044
9473
1511
3263
3314
8879
2227
6409
6474
1661
7975
7549
705
4327
9361
4713
8740
5526
9516
1615
1213
9743
9314
8056
3176
3129
9789
1388
6292
4838
7917
3977
7305
5624
5787
4615
4395
4080
6979
3014
6108
7589
2760
6641
539
1499
9640
1784
2204
1909
6662
3013
6042
2497
1192
3556
9615
2795
924
3381
7255
9710
9392
2956
1418
3240
629
8794
6794
6153
9143
2127
8780
1092
4975
8343
2078
7321
5786
7457
8037
8437
1897
501
9995
4805
6255
4454
2224
8521
2515
8140
8694
1424
3209
2096
5381
7611
3681
48
1008
1694
238
8409
6281
6545
677
484
8968
7461
1254
7900
8646
4000
8510
7788
2494
434
8537
3831
8371
2485
8397
2130
9149
2714
764
1790
2921
9235
7164
6968
4753
7018
269
8007
76
1241
6744
7206
820
4862
8775
5004
6899
1363
7978
9388
129
4811
3692
659
7348
8485
9749
6781
51
9429
1656
5926
9350
1829
2603
4191
2297
8885
8465
9693
8601
5494
7318
8293
4729
5237
6367
8463
1396
731
9891
8539
2640
6478
8668
685
6878
2537
9097
265
2377
1799
2123
1715
9926
4310
905
4331
2690
4140
2671
5573
2424
4496
789
9815
3019
1368
4794
8659
9692
3320
8384
9099
6186
6993
6900
6290
1480
3260
9893
5540
3448
1954
8373
8936
5834
5792
2366
8066
2808
4332
4033
5590
1574
6220
3501
7621
742
1666
1132
3283
5777
3631
2708
8620
5473
9241
3249
4732
3015
4279
1279
9123
5641
572
8973
9678
6869
5621
5724
2311
6496
9286
8015
6534
3307
2846
956
4272
3180
9111
9851
8164
2752
6505
8471
7201
3034
13
273
5409
2211
3163
2635
8839
9992
1090
234
3177
3215
9728
427
6681
2303
2480
7455
4632
3453
5057
9796
7036
7555
9033
1134
4448
9110
4046
7006
1012
8653
647
7692
7371
8534
2918
4992
70
9339
5923
2801
528
6345
4462
4363
1836
8082
1341
8081
1276
4686
4855
4315
9285
4991
8226
2136
8416
2238
5475
1408
3008
3975
6253
8504
1772
4162
4114
2199
4325
2528
7479
6383
29
917
1557
7183
9848
2602
7521
2453
3853
126
7836
6194
5356
581
4712
4051
2673
3192
6561
1161
2891
696
4976
7302
8063
1540
6126
309
8319
1664
5474
9088
7569
9910
5693
5112
8641
6453
3387
8677
1058
9742
8383
1078
9270
9999
6802
1186
698
5100
4258
5024
8084
5549
2533
1156
5558
8214
1920
4133
45
5360
3052
1242
896
7913
7824
2757
7856
3125
9766
638
9593
3860
7993
8470
8943
8561
9630
6716
615
2541
2246
7456
7595
5804
2232
7937
5211
8205
3733
7867
8236
1545
598
5413
1659
1566
9839
6653
4931
2240
290
4055
7452
3435
228
8982
4205
3836
6005
6665
1310
4154
4419
7186
3023
2938
96
4784
9184
6696
182
7720
2390
2857
5322
6203
8783
1771
9745
854
3597
5444
1842
9084
2740
5696
2948
1869
6912
4159
230
4711
34
4478
8449
9117
298
7222
25
978
8040
1722
6981
5782
6656
8630
5176
8141
8420
6972
4223
5779
6147
9790
289
2570
805
626
7659
6773
8486
1973
9433
5843
6032
1940
3921
6882
2331
1626
8381
4031
2630
662
5128
4040
7690
8206
1679
4721
1632
6616
2342
8881
5631
7693
1302
169
1756
7177
2419
3746
9921
1610
9784
403
3800
1847
1602
4182
8145
5107
2210
4247
8369
5811
7934
4373
8372
2263
4587
4549
753
9368
7600
3664
7628
3166
7715
5096
4857
2641
5622
4206
1373
2181
7417
3136
9169
9571
9032
6392
7931
1399
2631
5408
4283
135
279
8138
6846
759
2912
8064
6475
529
2969
4498
6934
6318
5130
6736
1153
2904
1390
9416
4776
4447
8069
3175
4706
908
3756
758
4010
6920
7311
4318
7261
9112
5035
9932
9444
6805
9664
122
7381
1382
9887
1247
1278
4307
9973
7543
8586
4233
4347
3962
4882
370
962
482
922
7979
8251
6037
3018
5062
2693
6197
6894
7852
3302
2481
1415
8679
8813
5746
7192
1217
1266
1056
1811
9036
3339
6826
6211
6725
6511
1701
3504
3480
7271
5511
395
6373
5034
3379
6589
2574
6320
9520
5915
4106
3994
7150
8971
2881
5516
8719
2144
3604
9609
4625
2114
9351
7074
2180
4376
3945
9968
866
2933
6596
4038
3709
3867
692
461
6999
649
4520
9400
6219
215
8243
7080
9496
7542
6793
551
2382
6182
4932
5652
2987
1652
9928
806
8690
895
130
1832
4406
1562
4063
3789
4759
5560
1009
3317
1611
4647
5575
8102
6798
7259
5234
3498
4972
1960
414
5000
2558
4848
9077
3703
612
1144
6991
1641
4041
8249
1308
2158
855
6806
8290
367
3865
9545
9734
205
751
2607
4793
8299
7334
9903
6104
7209
5869
6854
159
8028
2439
9253
1508
2886
6733
9720
2221
5214
1412
4755
2553
2313
6132
142
250
8796
9316
1086
5300
1465
9292
9929
7988
9762
4786
7898
2039
7744
875
3956
3038
1466
7823
2093
8869
6940
378
1091
2097
2650
9265
7727
4278
15
6917
7301
6967
1088
8418
1011
4381
8218
8004
7739
2772
1887
3955
8190
4460
8571
2739
3568
7873
7962
651
2120
6109
8036
1930
2410
2161
4571
5830
4707
7435
940
2543
2091
1686
2236
728
8954
7581
270
6370
7974
419
1773
1332
75
2813
3741
4115
4599
7464
3881
2076
4194
66
1989
1755
8307
1444
5487
8849
1956
5449
4709
6892
4464
989
5038
441
6575
8261
1022
2672
1900
6949
2022
2264
8346
4375
9002
8447
3938
3718
5946
2466
7199
881
5093
6439
9377
1959
5614
1668
5565
5115
5031
9900
2532
1061
2790
2476
3100
1520
4542
4128
2149
5357
420
3341
99
678
2791
342
6190
2823
4070
3485
4433
4476
694
1637
5224
2578
8053
3168
4886
2473
3720
5193
3613
5424
2731
5255
8934
145
3476
3067
4552
6103
6375
2559
5633
5140
6072
9819
4633
1640
9337
5848
453
6080
7187
6393
1747
5838
5755
1311
6566
3833
3370
372
577
9914
2691
9140
5043
6907
8353
5729
9726
3933
8088
4485
2162
4512
3179
8626
7007
7046
6030
4032
4980
5873
2394
6734
3324
1102
628
1259
5507
3861
1556
2201
3635
1583
5975
7718
4268
1868
5585
7401
9503
2695
1334
2033
153
5747
624
5139
7039
8756
2352
9298
2289
4782
3267
1246
1775
2186
7345
5284
2176
4134
5239
3880
1567
5700
7252
4011
4908
2951
8260
5401
3080
9147
5716
2017
489
554
8153
9104
3091
40
3342
3928
239
957
9541
9311
3455
102
4930
9479
562
2269
5712
1174
3242
668
5957
1478
6524
8945
7731
5496
7635
4072
7684
684
1289
6840
8927
8632
4483
5808
2191
8050
7714
481
6510
4016
760
530
5498
9770
3074
8361
1593
3026
8800
802
778
7932
6698
5682
7923
2205
432
9706
8362
3813
6758
5443
4166
1176
5788
9957
7106
7563
6893
9583
969
5908
9565
9262
6633
9081
2272
9685
5569
8711
5534
4683
8223
9896
242
1837
1888
8048
8159
4603
6261
7392
9118
520
7877
9719
8990
6870
8728
115
7598
3936
5837
8787
3046
4861
8401
2013
998
868
3948
5136
1554
5226
8058
8913
9365
7482
2322
9493
2300
6073
8229
3094
4528
7168
2242
8338
8059
8402
1653
4116
9870
953
5645
6623
9457
5895
8279
9521
2409
5208
9976
832
5456
2371
8322
6020
254
9126
9573
9674
1495
2762
7398
565
3906
5757
2134
2106
9946
4506
4137
7529
7145
9533
8703
6381
4311
3212
4687
5236
6864
6959
9391
9406
9716
870
2705
4910
9165
7418
5612
5370
3076
413
1040
9236
4364
3095
7599
264
8912
3809
6740
3803
9699
3268
6626
3070
995
3442
936
3020
6166
1452
3114
462
1794
410
1584
1303
5053
6712
9889
4013
5719
9730
1030
8667
3686
1385
1454
8965
3998
8676
1515
7869
6523
5168
1483
533
1392
1798
68
6507
9463
4156
6408
3303
1095
5651
9680
585
7841
232
2616
312
938
8651
3852
8575
28
3098
8105
5286
1821
4312
5328
3522
646
7134
5165
6915
2634
9828
1744
9829
2081
5949
3652
5297
6797
9961
6998
8076
8269
2379
3085
9643
5807
26
8528
9312
739
3877
5018
729
104
6490
6919
5023
6378
4771
1932
9697
1046
1635
4641
5940
5306
1369
7097
5644
2010
5948
362
7562
7159
6175
1263
6099
3308
8419
3953
5078
1843
5659
8492
7559
141
2202
7093
1945
4928
8301
5142
6188
3805
2020
5231
8475
9137
1578
4289
6654
2023
4014
538
6449
6223
9791
4554
9518
6655
346
6198
1357
4109
9358
2488
9296
1169
1896
5209
3468
3542
5619
9892
8029
8297
2861
6537
8185
8752
3356
1735
2557
654
889
5033
3570
4939
930
4553
2021
4489
7876
4019
4421
8946
3559
1202
1565
3403
7341
5530
9779
6436
771
6550
1020
2467
8428
4015
9945
2207
1576
5164
83
5727
4765
853
7250
2830
6351
3126
8044
3914
4392
8096
5993
1422
4885
2725
8173
9289
5673
9922
2213
8386
5333
618
7512
7855
5532
375
7023
2680
2563
1287
2361
3991
9323
5219
1856
1757
1674
219
7327
2102
8304
3607
2689
4935
310
3712
8266
3550
8456
3844
9163
9432
8522
1788
5849
7729
1761
545
1639
7870
1870
347
6621
2082
30
9535
8850
8241
4142
6159
5244
2375
5340
1658
6709
519
2994
6553
9212
7532
9601
6649
8857
3903
7884
1753
3343
8248
8352
1812
880
2668
9264
7210
3740
8348
5265
5222
723
2192
947
1763
8225
7878
1407
5316
1526
1397
2304
8593
1238
631
2979
851
9491
8292
9196
8235
3241
50
9566
7519
3331
2758
2234
6379
6697
5049
6273
7098
3904
5402
3545
4841
2321
6282
2298
1962
5881
6754
4393
3676
284
2489
6978
3798
4437
7238
8497
6101
4270
1633
8685
1297
5433
5734
9527
8237
6527
8924
8316
8662
1479
3345
4806
6624
3405
8762
7832
5488
843
8414
3538
6204
5103
1189
8152
5039
6896
2042
2995
5527
8194
559
9645
6832
5875
6456
4297
1765
4180
1876
1193
252
6956
6689
1142
3355
8228
5909
6763
4634
6903
8332
6928
8915
5367
2089
2712
2768
8498
9255
4346
9628
7839
8494
7476
3231
90
9318
4606
2009
2498
9232
4316
9605
2189
1544
2927
6542
6374
4987
8609
1873
7328
2171
5270
1167
8425
7353
2386
2225
9890
5052
7699
4423
9633
4865
8268
6460
557
3197
7944
5068
9294
2150
1361
6445
2358
6788
788
1929
4187
5071
7100
8438
7541
1539
6089
9689
4449
2469
1074
2687
9120
7749
4539
6622
4394
3786
8776
8596
5753
7905
1386
9550
467
7737
6731
222
9883
7295
2583
943
6455
9052
6495
9456
3153
3462
1055
2255
9005
5851
4877
3288
2972
4942
686
1149
954
7362
7828
3391
4982
4708
8760
3575
7258
6098
2156
6418
9505
5341
5525
1185
5854
8176
3390
3700
8792
9201
8083
5663
4264
7358
879
6757
4503
7427
8658
8773
2285
5099
4008
3645
3560
3385
5629
4547
149
6743
1010
7503
2999
5114
7735
6667
907
4136
3678
8911
6057
3352
9300
3665
2652
4511
7953
218
9466
641
5285
4388
9855
388
8336
7623
6565
8282
6431
3350
869
8124
209
7551
81
1958
4957
6904
7465
9918
1628
830
5287
8898
2771
3533
2637
3441
4984
3474
7042
902
9522
2986
5280
9208
2545
7858
9885
1432
9372
1113
4288
6719
7774
6173
6648
984
9646
5015
4563
937
8467
7014
7050
8730
2907
3248
7012
5410
5790
1908
6135
6513
5123
946
3714
162
8660
1036
6680
2982
4820
132
4328
890
4293
4543
834
9937
3796
8547
8356
5296
2786
6684
2470
299
2099
5931
8018
4504
7194
3885
1049
3922
3449
3285
452
4053
2360
157
1600
4693
7053
7683
7781
8921
5358
4377
2052
9592
4749
8870
5867
6984
4638
1708
2549
904
645
8700
9186
6121
9629
7055
9193
91
3078
9213
3888
6497
1119
3807
5579
5497
5414
9576
9210
5259
3919
5019
660
8591
928
3818
9472
6055
3056
6090
2283
5986
62
27
8061
9933
5510
3586
5638
6952
282
5447
1814
6576
1861
6476
2275
8286
3729
2718
4253
9792
4463
8617
7428
1985
955
5768
1949
6947
1474
7762
9539
9835
981
906
3458
2292
4125
614
3910
5697
4613
2487
9424
5632
9171
2350
911
8017
9200
4118
5616
8453
8608
550
9367
923
5523
1079
1612
6941
602
247
1430
6506
8753
706
7169
178
8628
1127
4915
1446
4228
9297
1725
5748
850
8480
5564
5362
2474
7277
5751
1683
1588
1951
3063
2152
3059
8612
6245
3440
8847
8843
5349
8866
6704
3235
6406
3205
8160
4842
1898
7957
1050
5462
84
4287
5515
4676
6265
2330
8909
1727
5594
9482
5657
9675
4533
4824
4103
2040
7977
6845
9302
1177
1300
9008
697
1665
465
5639
8136
3290
3280
9098
7622
5570
9960
7996
4829
718
595
7085
1941
1569
9301
6572
6313
3762
8270
3995
6201
6902
1227
9560
1462
3446
4887
2842
4807
2546
9355
4868
3419
9234
5113
9073
9506
9604
9092
5626
1239
9861
8978
2015
186
690
2008
4636
9354
2041
9461
3536
8686
732
8366
9818
8103
9888
1997
2888
7501
3846
7267
5691
2660
4007
6002
8377
8980
3185
286
1902
1491
2036
4757
2941
2946
8483
8035
7375
1364
5065
4453
7338
1704
8445
7989
1014
2334
6380
1913
8689
7112
776
5871
8548
4916
2709
9744
8300
9192
9925
7567
6742
7624
7700
384
6304
106
1924
6631
7344
1614
6000
1534
681
4130
2482
5524
4092
9866
5423
2993
8052
7491
6590
3633
3361
5829
7221
592
1244
2916
699
1428
5820
9477
3552
7587
2555
3021
4108
749
7640
1274
1
6851
7496
5105
7864
9531
7379
7920
8804
811
517
6548
2126
3734
7329
9624
1750
7200
1899
6930
2893
431
7294
509
281
8250
7293
5518
2317
4173
4442
271
3650
589
865
3216
3972
9414
6448
4761
7778
3377
5512
6830
5330
4670
8514
2966
6966
9542
9256
2347
3002
1370
4817
1778
5634
248
6213
2902
7785
3373
6640
179
746
4104
7489
6960
8423
6816
8681
6486
964
1494
6531
5324
599
7904
7239
6150
1413
6284
1150
4996
6692
8650
6071
56
5361
785
5547
6078
4723
396
3930
1431
5450
4733
5827
9103
3120
3159
2968
78
7964
6069
7450
762
4871
4239
1855
2318
2458
6674
1251
7408
1323
7395
9101
7035
3226
7805
7568
6546
8396
7755
2955
8196
3630
5562
526
4792
8733
671
1224
3369
4308
3983
7896
8664
5602
1823
1605
1080
4147
1205
7764
3674
9344
7474
1974
6997
4694
8559
2741
54
2215
1312
1197
2100
3368
5258
3365
7303
2448
3952
8390
8312
6971
6119
5427
4977
3761
3685
1501
4413
4201
3384
9419
1280
9657
6682
274
1568
3336
8563
7625
8789
1696
4036
8963
9652
2506
6929
1971
8883
7191
2111
7650
6454
4251
942
3957
702
2774
2629
8605
9687
5026
6114
2765
8178
4291
1992
6112
8863
8907
3149
6426
5600
5798
6520
6785
9737
5317
3589
1692
2496
623
594
251
1595
2345
6880
972
4678
1987
1579
369
9831
4149
3808
6260
6485
6863
7675
2198
8256
5749
9747
8148
9553
5509
6635
1298
2471
4616
9229
2698
9959
2522
9867
7473
3367
1321
7981
9064
9574
9386
6256
4515
8599
1068
754
6034
5866
8644
2006
2216
2535
6272
2973
1594
5146
2596
9544
8899
609
7095
979
1912
4097
3310
262
6699
8517
8181
4699
4894
8111
2110
2287
6766
2598
3876
3488
8851
9251
1852
2226
1032
2291
2825
5672
9216
7588
6727
8115
1035
7307
39
3900
6948
9780
2057
7196
5791
9474
4486
7160
5491
7626
7083
7657
2874
7472
1642
355
9044
3363
93
7861
1582
725
8799
983
2952
1647
2356
809
2697
6293
4943
7260
196
793
8633
2864
7040
1884
7506
1401
9305
7722
6047
3499
9942
5756
4161
8699
5321
613
1697
5615
6942
5412
9797
2327
849
2942
2809
6027
425
2103
5221
3859
2883
4061
9133
2949
1053
773
3534
5694
1181
7954
9478
5274
7367
7419
9618
4821
7361
3122
5183
3142
4202
9996
8008
7333
5264
6970
9182
2651
7437
6060
9480
2804
429
1348
932
4775
3838
1531
584
4823
7202
5160
5161
4439
2870
6580
5109
95
9223
2280
6663
2998
5897
4261
3577
5087
9868
2141
5009
80
1617
9431
5478
7430
5393
7644
1314
4169
1976
7646
5972
5147
4458
1367
133
6129
1663
8134
6067
7013
438
8720
2812
1502
4748
510
5858
5315
9011
2457
8782
3641
7454
1604
6180
2248
184
2151
1710
4655
687
6003
7963
6943
4024
7138
7525
6676
3621
3890
2622
9430
4198
8995
4570
6584
6087
8328
7835
4545
8060
6252
6258
4313
3931
6787
8826
2223
6309
6338
2259
3548
2573
4626
5943
6442
4869
6358
1995
2628
6117
4274
2971
3595
1517
3225
64
1421
442
6212
1337
8856
7314
3062
8558
8157
6266
5230
2536
2495
1065
7387
1781
7236
4029
2038
3594
9617
5561
5772
1559
4380
5073
5434
183
5605
2336
1786
7725
7158
553
8370
1349
6767
9907
6637
5256
2125
6611
1944
2523
1317
8858
6288
8283
6905
2442
9751
6221
8678
8154
6990
7439
1007
5735
6768
8768
5769
5184
5572
5894
3086
8906
5217
7570
7253
5121
2657
6720
7494
8738
949
3051
4246
8158
2438
9564
1093
2415
3760
1339
7680
7182
8121
9950
1789
5953
9017
7647
6625
4648
2756
3785
418
5977
5776
1767
4468
8288
4086
2071
2323
5281
4243
1966
5253
7101
3960
8012
3934
8267
6483
1416
898
2353
3208
2811
4391
4698
9422
17
4661
4895
6598
6100
161
6491
9947
6552
1460
3032
240
2187
3203
5382
6913
707
4726
8975
7016
775
7969
294
4965
2569
2124
9803
4846
4985
7179
2422
6529
803
1268
7011
6771
6315
1779
8222
3821
1993
8385
4160
8876
3902
5311
6792
4068
1378
1792
5396
335
9781
3218
9906
7513
131
6113
1509
516
8274
9250
1519
5970
8400
7756
1203
6303
8459
7265
2665
2896
2237
1629
5102
846
4966
407
6890
1972
5269
2749
3705
1455
1394
991
8254
5506
2429
7959
5583
4640
5732
5122
8320
5177
9636
2700
4600
6714
6172
4700
4009
7409
1255
2909
4250
799
1961
5452
9862
4880
738
6202
6051
3393
3058
543
1754
9899
6324
2877
1435
6717
1532
2544
1572
6568
4200
6239
4731
1477
2002
423
1774
1726
4004
192
506
6174
4043
7076
4452
6177
1800
2917
994
1178
9965
1051
3395
5302
1299
591
5966
5348
2588
5978
5765
400
8170
5775
8472
3675
1191
1038
9411
8246
5266
6160
4411
8481
4183
3184
6593
3968
4536
9534
6230
6029
7809
3271
8073
523
7911
2101
9048
2411
7497
9551
7
836
4524
674
1129
8217
2367
8621
2231
2783
9669
712
1738
894
31
2683
9166
5855
2046
4672
443
5761
4020
198
9895
3147
2245
7144
2084
7661
3971
8395
2981
4745
2613
3509
8174
1890
6489
5477
5795
5910
4362
3679
3327
4090
2354
6154
7424
2899
8122
4617
552
1709
3723
5120
3106
8051
1133
5533
9068
55
3524
4120
5430
143
8860
544
5780
317
1510
7217
1365
326
1443
2579
4850
5982
9690
1393
5499
2773
512
1456
6857
471
2416
9375
5995
4785
4195
610
6446
9498
6065
3937
9009
6660
79
3660
6850
1250
1194
588
9556
1366
8581
1903
6444
5625
1748
7242
2389
8280
8554
53
2792
1822
9428
344
5468
2686
3894
405
2484
415
4341
9315
4579
1978
6102
9765
9180
1063
1871
597
1451
1858
4379
114
7203
5578
3010
4999
2003
1208
8502
8331
3920
1425
9347
9939
3261
6271
7471
1316
2761
2797
5542
5250
6630
6789
2402
417
3970
3109
4560
227
463
3291
7300
2517
3738
1248
9993
3969
3497
7477
8262
7485
2975
3606
4730
339
2779
2621
8406
1599
6610
5149
3492
8281
7919
7759
1691
490
3259
810
6043
4203
2734
2526
258
6479
3221
3521
2364
1124
7380
7889
9591
4948
5952
340
3895
8189
2978
1760
8253
9291
3590
8880
7492
1768
1228
1983
6152
8224
9113
765
2027
1184
505
4337
6438
4501
1845
2129
7746
8922
1555
9144
7733
5129
311
313
3204
4165
3850
1362
8109
8727
9504
1581
6355
5973
9757
7696
845
8405
7516
2387
3009
6729
1288
4585
6643
5707
3615
6722
4344
6710
9090
8501
6062
9622
6427
8421
926
1624
2400
7096
3744
4844
8317
5028
7441
1106
9288
5783
663
2802
7073
2730
9172
2890
7034
5431
7020
5563
7883
7710
5318
6502
886
4334
8606
3822
5323
1313
709
5386
140
1816
4012
8634
6348
4756
185
5325
4275
534
1166
4401
8195
3478
5372
5559
460
636
7161
1355
7951
5254
5332
9015
1109
8507
4292
1484
4940
173
5252
3438
3230
3335
2072
1808
1841
8655
496
7269
5874
9856
2509
876
2109
6651
9598
814
7792
2547
8988
4665
4777
4001
8540
675
7524
7339
929
1081
3616
5806
1281
3851
1104
5201
2174
4720
9254
1173
1797
4769
2767
9850
3151
3871
508
5245
8682
7793
2856
7003
8323
1437
2432
1470
6422
5683
1013
4326
4077
596
6088
6746
8302
7704
6352
2440
7165
3812
5721
548
9280
1801
2564
7110
6901
7702
5426
8525
2729
8041
73
4760
2163
1947
7924
6859
9313
2456
9145
1077
2320
1819
4739
358
6522
77
7246
2160
4588
882
783
6199
3773
7156
8440
3864
2908
7416
9859
6713
7129
6760
6155
2372
7648
9152
4845
5388
5736
3165
8175
6287
4909
2048
1923
7927
6168
8424
6791
7970
3697
1549
4074
295
9733
278
5419
7121
8923
8025
6225
6672
6307
587
1296
483
1521
8298
3198
5814
5928
9047
6156
2910
4271
5927
4495
3089
6267
6569
4175
9060
6821
7262
4281
4145
3819
4382
9324
5658
4913
2552
8466
4852
9619
4432
9247
1739
1848
402
363
1096
8067
4819
3941
195
5514
4089
8182
4774
8996
8629
7906
6898
9476
621
3359
6782
9971
2333
9067
2208
333
8640
7084
8350
4710
4219
4107
1573
3380
9644
5899
5137
4487
6420
7188
5085
5359
1033
582
18
3687
3951
6317
1662
3200
6064
8446
1490
6658
4701
1258
8602
841
8929
6954
88
7946
1400
5089
8093
9006
4621
3275
4967
5879
2262
9572
2399
320
3022
9382
9071
3319
1375
9608
8392
5138
1867
9333
2139
8450
3549
4558
4970
3437
9660
9681
8926
3436
3035
8941
3375
9057
4048
8374
7162
3722
89
8203
5965
8976
6492
2597
4735
1075
7688
6280
7432
1005
3778
5642
9673
8
1717
3118
740
6741
951
9606
8527
8987
8977
2049
2339
7278
8515
4847
3539
8680
5933
7726
4294
3593
473
5974
3152
6811
5646
4098
2253
2556
3769
7234
9497
606
7337
2606
6125
2080
6206
2554
3060
8657
7350
5945
2871
3186
1623
7935
5454
4282
808
208
4614
985
6397
1136
3629
8638
4561
2121
3820
5857
1660
1714
7370
8208
2378
5705
9661
3487
3657
6670
1229
5421
3899
747
4456
6237
3639
5528
5912
6668
5271
4399
1377
3312
9603
818
1723
5480
366
7189
9982
9185
3042
6995
5630
4828
7213
779
305
9283
4484
8671
9371
1881
648
3677
8891
8734
4196
6591
6916
2935
1083
3004
8928
5190
7638
8026
2810
7117
328
7359
8049
5582
14
3486
5660
4244
3772
8151
6025
620
8984
5891
1290
7550
4266
8367
3518
4208
1860
800
5545
7500
7425
6022
3748
8325
4306
5308
3896
1791
9363
4988
7590
4682
7701
497
1403
4066
2164
5740
5232
1082
291
6276
1931
6404
4438
2314
2829
622
4849
8603
5606
1622
7075
8918
7167
7349
1749
1004
8345
9037
5467
679
160
9321
7784
630
6326
4813
229
2258
6799
5681
1889
4064
7695
9279
5906
2807
6294
3940
4747
3562
8832
2524
8585
5778
8675
8578
7879
5037
112
8751
2159
3360
7571
9151
9989
1182
5666
6394
124
2841
8451
3293
2984
107
5365
6238
6215
6063
457
2155
5415
1818
134
4719
7426
2326
652
7531
6124
3413
7848
1295
2085
7317
5801
1719
9738
8614
5076
8583
1654
2316
2819
1214
1925
5369
546
9696
1108
7556
4027
5762
5007
9356
9758
5376
6205
9909
350
5999
2173
5752
9449
9672
9513
249
8808
1275
74
6327
7547
8215
1042
6300
1459
7833
9012
9911
8508
9046
7151
6340
9869
695
7140
761
3167
4076
9214
5896
8476
1201
3508
7860
2492
6384
4979
8535
365
3623
6602
5576
3680
6779
2184
9409
428
8741
318
1548
1419
6452
7446
5248
3255
3701
2075
19
2000
2112
958
5351
3460
5726
4300
7010
7667
7502
9467
5337
8411
6263
5971
5046
4622
1330
5305
6181
9063
3191
7109
9676
2241
6567
7374
5390
7107
6944
821
2468
4409
9844
9183
2233
9215
4296
1535
5675
1198
2197
5070
1937
6885
2932
9523
7780
5440
4953
8950
2653
4351
2947
558
2451
9079
1099
261
5872
3262
6141
6752
8431
4163
8171
8330
9575
3237
7443
7283
8745
445
3739
8487
7044
7654
5272
152
8089
4639
8126
3133
4002
3989
1597
8818
7323
7536
7712
8179
1267
9225
1057
5008
6105
5429
5678
2793
3655
2644
2519
5174
1598
5677
8394
9486
4685
8754
9969
8227
6646
8538
9425
6070
6469
2067
5502
6530
2604
9987
4624
6693
2815
7881
7340
4005
216
3411
3958
5800
2404
1702
3211
8310
1988
8019
3643
9563
4990
6573
6356
9188
4612
5907
2383
667
2868
6603
2504
7523
6706
1752
6875
7029
2663
7251
2493
137
1762
6372
2175
3505
2444
8149
3161
1188
9515
1498
4904
2177
6873
5636
7940
5212
7872
8311
8871
8484
9304
4595
4961
12
9069
3111
3672
2459
8242
6543
3526
903
8594
4962
8631
1743
563
6669
7243
2338
6748
4044
726
1171
6337
7304
6871
669
5877
5591
714
2936
6187
4280
6040
5066
3779
4340
2133
9998
1252
910
4724
8770
4257
204
2529
2925
8545
4797
7133
304
835
4851
893
6838
3139
9983
275
1015
8187
71
2733
8812
4131
1770
4611
4658
6243
4667
322
1933
899
3140
2655
9711
111
8032
5568
9278
8896
1529
6541
1793
2594
3112
5233
9228
5339
4574
5828
3801
4758
1163
1464
2251
7466
4518
1563
8131
7522
7747
3553
9632
7115
7070
8951
1864
1257
8834
1650
3802
3233
9579
3232
6311
148
7143
4323
5890
1596
7742
352
6695
5860
3252
6162
6222
8955
7827
1064
7750
2007
9787
1084
7875
5686
9089
8284
8244
7116
3517
2789
6447
9139
1165
6412
7015
1179
5580
4945
8146
9807
3525
3845
5001
9325
1293
5392
4067
9176
8874
8531
5262
4860
3717
9397
82
167
5773
7938
2669
3301
2094
5967
5399
5794
1234
6895
7063
1830
8216
2045
5446
3227
1911
2894
7296
9336
2806
532
5080
9935
10
4330
1649
4714
8147
8624
9218
8889
6804
4919
719
4095
7838
4921
9205
6887
4526
1264
5319
3131
9396
3915
3246
4584
3358
8536
6953
752
5996
20
1139
1644
5144
7976
8344
7231
7573
5178
8600
5199
1849
8997
4148
7517
2391
4157
1429
2142
5162
6664
2944
101
2220
1990
7268
5994
9642
8130
8389
5404
8505
9610
5380
301
2525
3670
6865
3410
7758
6770
1646
22
7757
7810
390
9078
5202
9857
4555
6368
2737
5081
5077
3745
2585
1027
6471
2679
8894
2822
7741
2627
7086
1372
8454
7592
1689
3793
8238
3513
5060
3328
4737
9559
9776
5192
8068
7933
5135
8666
3006
573
7738
1551
693
9538
5613
6128
1221
2692
4171
1533
6551
361
4863
3725
570
5609
6246
4546
9833
9988
701
5861
9799
2702
950
3439
6614
1916
2748
2778
7637
8364
8684
2858
844
8785
256
9631
3797
58
3195
1497
8137
4803
6365
5145
8732
3428
9838
3817
4598
744
2137
7360
4896
3659
4500
4113
9668
3980
1231
6647
8938
7153
5905
7131
3053
6544
7087
3366
3926
5850
664
2838
1955
8815
8814
1938
5215
4099
7608
4342
2620
2722
2122
7786
2513
9915
4286
603
3420
5175
1577
8210
7591
5157
617
1000
9586
7102
9824
6861
6737
343
1618
8784
3892
3073
3054
5405
8479
7782
4605
549
5985
4
2989
5108
4816
2889
24
6812
2500
2182
6178
7779
2450
2586
43
3113
6918
2732
2118
5951
9708
8695
3872
3856
1922
6068
7627
1073
4725
3644
887
4060
4659
8074
3172
9777
8430
9853
5459
1379
8094
7662
9658
2699
3412
8341
5143
7069
1157
8557
4482
5825
5166
1320
3160
1621
3389
9393
180
5206
9293
6343
4569
4480
3206
7172
968
2449
3265
884
722
2726
7834
5903
993
5484
2348
1561
6644
2306
8294
1340
8884
4738
259
6790
6021
100
9357
8231
9953
3588
9116
3315
357
1420
6081
5944
4091
8827
982
3825
8807
9287
3193
6764
4372
9158
8278
9875
6339
33
5288
3210
7837
4079
1527
6231
7149
8910
1048
9376
4058
6889
819
6933
8917
7237
665
4465
6685
2600
5116
3295
5720
6289
608
8054
3444
7141
6985
8986
8960
7279
6608
9441
5472
2592
3321
2312
4577
4575
2618
9348
5127
7468
1417
4025
2454
4207
9845
2373
3862
4556
5310
5728
9398
117
5352
7507
4057
8774
4783
9964
9709
9282
4968
6951
6715
7024
5417
9040
2403
2053
9345
7467
5343
2828
9240
8125
9189
3754
3587
7537
9222
1469
6694
4674
1970
3656
2599
2615
379
3527
6328
3728
5379
276
7605
6312
6935
6061
9924
4867
8259
6708
6535
1159
3985
5812
7113
7566
6350
6074
6877
3401
7887
1857
3500
9435
6161
4333
5416
7071
9030
8625
9284
9281
8340
8746
4728
593
6341
7247
4974
798
3171
4927
6844
4550
2154
9985
1087
6158
8034
9038
1883
5934
1874
6405
2931
5045
3431
5601
4510
4290
486
3075
2682
2619
4398
8845
772
8962
2405
6988
9596
1294
3874
5969
1875
7578
7511
2667
2462
9707
7795
5012
6755
3898
4241
7389
6587
1301
8493
8457
459
2235
7322
1094
1336
1585
3394
5715
4378
8432
4021
6661
9364
4836
8755
1468
6208
4052
1803
3465
9415
1742
23
38
3482
1734
755
6549
8735
8135
1695
8948
9936
8932
9070
9342
8378
8097
9913
9370
4832
7208
6296
1745
5243
6402
6927
236
7617
6423
9249
1729
9353
2413
3592
4768
9043
6097
4338
1327
2059
3496
7697
9569
4213
5471
8489
7031
6829
8415
3619
9160
861
997
8511
9827
1524
189
2179
3573
8403
8569
6957
8722
8587
128
3415
7458
7984
5492
1158
2447
8555
5599
9701
8469
7391
1190
1984
4804
4582
4369
4675
7429
9203
7197
5541
6540
2754
9729
2195
3117
6228
9822
3066
6921
8186
4629
3464
6115
9275
7000
1805
7967
5980
8163
5203
5131
1589
8878
87
8781
4646
720
8607
409
4132
1687
824
8257
6718
3601
680
4663
3567
46
9901
5025
1542
7132
1950
1243
4112
108
2369
2751
3134
3935
4742
3452
2710
2589
2892
5298
5299
5935
2707
9501
8966
2799
578
4773
6577
3640
1335
9537
4604
8046
5960
5153
3780
8636
4551
3547
4958
827
3965
8562
3854
1721
1724
9277
1284
2267
3614
6274
7052
4164
3068
4679
4899
5464
3946
6217
9746
2716
3029
2319
5584
990
9308
4461
7950
3150
9876
5744
6897
2376
4418
1667
4795
1965
9561
2939
9908
9955
3414
3649
8055
2341
3950
6382
7894
6218
3918
6831
9635
9136
1118
2079
3954
4176
3721
9837
8595
8905
9025
9769
1154
6376
1530
2465
3466
6046
8610
9570
2670
1982
2575
9488
7363
8412
5152
4230
8162
485
8491
1732
2362
6813
6707
9653
713
616
8830
4499
1125
8736
6463
7851
138
8092
6133
8712
478
3923
9736
6138
2479
1282
700
1575
4467
7438
4204
6996
727
8786
8230
4591
6756
8516
7557
9390
8983
5282
7709
5151
5067
792
4110
1347
3528
7320
6163
5738
2833
9974
1492
2770
9639
7226
7853
6922
9385
9650
8998
1475
2446
7026
4056
7495
1003
1322
7882
4170
6167
3187
8749
6414
5218
7890
7357
5669
7806
9106
203
6617
5083
7299
9016
6583
214
9341
7790
5574
3947
1225
2567
1522
2666
6038
7936
9454
8933
393
2530
7170
9981
6094
8892
4680
1112
5853
85
4798
797
5014
6945
3602
5950
3816
4138
5156
2119
202
9420
8723
3626
5290
717
5767
6118
4901
7068
6849
3699
456
9843
2209
3103
826
3138
2782
4471
4734
7652
1031
1155
3897
2256
3404
5692
7673
1831
6822
1528
6144
7394
5197
4065
2847
9759
341
5476
4050
1905
2863
3691
6137
7558
1187
3882
5213
7829
7665
9402
4689
3093
5247
4870
5916
980
7643
1270
5148
5898
1698
2418
3810
7925
2816
6095
2911
2412
4415
2328
2753
2398
9686
1389
1703
3554
7181
5375
9752
2505
3036
4237
9074
852
2656
6244
7825
586
6772
3913
918
9020
4937
9613
4155
8376
9029
9975
332
6759
3028
7910
3429
3571
5760
6992
449
1737
6638
47
4436
611
7313
1029
6224
3348
4950
307
9198
1503
7388
2626
4959
2222
3608
6179
4534
6961
6360
6852
464
6386
9557
6747
1215
3247
5437
7575
8914
2540
9421
7514
4387
7539
8422
3272
241
7355
4799
8177
4088
5486
4383
118
891
3986
9801
8110
9597
7902
6054
7366
7204
3834
9966
3143
4645
931
421
6387
8748
5470
7403
6349
1100
3012
6891
5246
8541
8767
4507
190
6574
4384
9446
3783
2721
6498
2282
3463
4150
7807
2639
6632
163
4188
9578
9846
1681
1069
3162
8779
4502
3628
151
9340
7043
9798
7227
8991
8627
2420
3090
4673
5758
8202
1807
9384
8335
1607
7393
8474
9004
6784
6171
2576
4703
9667
2281
9750
7773
4963
3979
2490
9135
2781
1147
6977
748
5900
7119
6607
2270
2980
8144
1718
9272
1886
6723
7560
2503
113
1586
9510
9131
6493
9161
1936
5371
525
4189
6815
2645
2034
4407
6050
9649
7382
3309
7099
8639
569
3884
6982
8488
2113
3982
4912
786
3457
8822
4192
4736
1921
6096
4833
8002
2565
8207
7956
3750
9723
3383
3696
7127
4697
3378
2826
976
8580
8363
871
3841
8129
3964
4891
795
8861
6123
9956
1272
6683
8193
2417
2146
9204
8648
992
3264
4126
3477
5195
3055
7287
5947
197
8887
5730
7798
5327
8705
8566
2617
708
7108
6236
6908
6824
3757
3978
8010
9540
1751
3878
2035
837
7211
1512
703
6336
2230
1713
2678
3016
2491
6775
3137
2062
883
2014
8434
1309
5593
412
7620
2736
57
7373
9879
7062
5984
3374
67
325
7721
7385
6010
831
3346
7330
6184
3313
4314
2196
3433
5546
3873
7983
2647
7565
1839
2193
9809
8806
5398
4028
8156
9349
9627
7871
7411
688
7284
8192
2850
1404
3612
2880
829
8908
1458
8940
4197
3726
3087
2393
8433
6533
7290
9248
1893
8255
7972
5006
6750
6417
733
201
4226
2914
9977
5841
9489
5469
9003
3711
2747
9086
1809
4911
2037
986
4840
7218
433
4881
8265
7022
7530
1384
9484
9714
7440
5706
2560
6049
7943
9134
4969
8027
7248
8619
5611
444
5064
1116
6400
8769
7148
6612
288
3130
9558
2720
8841
5058
2486
7760
9436
909
426
4225
8408
3743
4741
9065
8219
4576
4455
5832
9062
6048
8848
3337
9387
8001
3682
3777
4408
3434
3506
9083
9443
5921
6093
2165
3489
3284
5171
8461
8264
6800
9774
8005
5005
9611
7244
440
6196
1043
7470
7256
522
933
3939
1638
345
1319
4472
9753
5400
5180
2867
6528
3495
3599
8819
4319
9802
2625
6421
6091
2452
5378
2277
6333
4229
8811
6848
4359
6335
6691
642
9832
1979
4348
4951
2654
590
193
3814
7484
9465
4256
4075
2460
5876
4802
6521
4889
6082
8530
6618
6976
9394
3908
2661
2970
4234
7572
515
9322
6559
7274
7286
6451
1448
213
44
767
3858
3484
3443
2531
8750
9823
9383
3749
9806
16
3591
1769
2005
4127
7629
4888
9679
9242
4417
6127
859
2132
7649
2001
7857
3510
9722
2566
4210
619
4435
3213
5335
7125
8865
6609
3189
3658
7407
7651
9764
5295
6019
6
7281
5056
2865
1137
9637
5320
4952
2835
1331
9049
8499
9756
9519
2335
7689
237
6884
2437
7849
5346
8118
6964
5741
9
8701
7481
5314
9691
8747
3424
6332
7815
5141
6268
7173
1438
7955
207
6169
4653
4691
8101
377
9704
3651
1237
7597
1680
4400
5294
1105
7830
7534
975
8805
9362
3250
300
2104
98
9897
2368
6556
5555
1677
6185
1453
6807
5880
9470
8314
5670
4523
8351
1514
5942
303
5799
9042
7582
9303
9168
3071
4034
2029
5918
8030
5695
5823
4102
6278
5789
7089
6477
474
5883
1261
8772
5739
7254
1878
7930
3605
7205
3281
7655
2884
5635
8859
5964
181
9445
5439
4830
6247
7396
9403
3515
8577
8127
3530
9873
3766
9483
3323
4907
9453
94
2548
987
1673
8903
5095
5904
8611
1333
3646
1964
5150
8324
6316
7966
2860
7123
6980
7081
3829
5383
3848
9306
2427
5647
3565
5241
7518
5771
7585
5389
9468
285
7135
1914
4651
9093
3156
6210
7631
2648
7862
2107
996
2012
1592
6395
3047
8852
3883
574
8582
3451
1671
6039
3688
6728
9094
6076
8355
4358
766
7814
7895
1002
9532
9100
9666
2019
8957
2229
8398
3044
394
9338
556
3244
1442
1457
4620
7207
7713
6331
1427
4434
3362
3472
4825
2805
6214
3654
6467
1356
8797
4222
3088
3222
1021
6606
2542
9237
5027
2798
3294
2954
7508
7526
7088
2817
9894
2043
977
1810
5566
8407
119
9439
3663
2623
1782
3981
1946
3257
8801
2915
1543
6484
3238
9919
5182
2271
8999
540
9227
9378
4853
7886
7420
1504
3795
8448
2879
1827
5713
4873
8729
5268
5813
6837
7545
2677
6515
1505
4509
3564
6604
7215
8460
9072
3121
2441
863
6233
9589
5485
147
1199
1023
9026
7152
633
4559
6250
5846
6592
7291
7025
8710
4800
5603
6950
3698
9221
2614
2550
8247
3886
5441
2717
5013
353
5336
5091
1957
9582
5047
5892
3866
6257
666
7672
5133
7128
7047
8095
5483
9507
3024
6777
5134
6825
9211
4878
7498
9405
3357
4513
5521
6796
3671
4475
8967
9621
4531
2834
7613
1942
8070
6700
9054
60
3735
8023
514
1741
8925
3611
7463
6711
109
3407
1018
583
5292
381
8584
4866
9659
1688
8108
897
8643
9514
8273
3708
1969
9684
3999
5552
1894
536
2821
2845
5495
3470
7577
86
6657
9694
9580
6516
1410
224
7233
1560
5750
7768
9095
7104
3598
3243
3427
3372
7319
4788
3642
8556
4949
7945
3767
5220
8309
1436
4249
4365
2929
9408
2143
1219
6856
397
4141
4923
2866
5063
3537
575
9665
9332
7033
6749
63
8443
1175
6835
7601
3298
1440
6464
1926
3555
8993
7137
6503
5198
2128
4684
6780
4410
7346
1846
7666
7298
1071
7157
6983
356
7763
4743
8893
794
632
8439
4544
7576
2190
3827
3305
5845
4339
4662
6677
4517
7005
3609
6120
3329
8854
9146
6461
4875
4815
3190
5394
7538
8837
1651
5607
5082
1001
8532
4215
4508
4690
3620
8221
5956
9717
9082
7583
9854
1037
9023
7614
6860
2047
6989
2332
5581
7636
9991
9085
3944
7639
2875
9881
6134
7893
8642
4343
3101
4791
4750
4834
5826
9739
7180
5839
4018
2878
2608
7584
4397
3188
2800
5
916
8435
6193
813
5685
5503
4093
2243
8916
7364
1967
6291
7947
2425
6017
8003
6578
3202
8673
4934
7212
5338
2140
8670
52
2906
7223
6810
4273
1631
5513
3005
3371
2974
3096
1233
2814
9817
2116
2475
7859
174
8252
9395
4026
5020
5205
8873
5125
4350
5955
4717
6240
7594
8696
1500
6434
5589
2363
5959
1441
8075
4978
6923
5963
9768
1547
7270
6075
566
691
4424
9612
3276
6216
9487
655
8071
7618
2701
6145
7347
5936
7368
3353
787
9310
9259
8972
2763
2172
9963
6389
6407
9164
7400
7769
7272
4924
4459
2168
3794
7241
7609
1360
323
2568
3351
4366
3987
385
2315
2077
3512
568
8904
7751
3119
7674
5313
3578
8989
8958
9683
2024
454
1292
136
8429
4876
6841
4042
4404
3704
6270
7663
9930
3145
1601
3502
5291
8985
644
3830
371
4414
8166
1240
5976
4995
6678
2026
888
5587
9059
6914
498
7094
6801
8342
194
8692
4299
4677
5522
8365
7745
4827
9648
206
6563
6504
3279
6285
8033
2461
5821
9748
5458
4964
6910
1712
4190
263
730
4071
1844
2582
3132
5094
6226
8576
3274
5048
6501
5893
4238
9438
5770
8240
7553
166
3344
9220
9494
6136
7414
9546
4101
7285
3146
1919
676
5407
2898
7686
5453
7874
3245
7831
9233
4062
8816
9994
4049
5901
5718
9187
8360
7065
8886
7325
491
915
8209
9066
287
6264
7445
5428
2359
5745
9462
6828
7724
7669
6234
5036
7980
4874
7681
999
4360
5586
8220
3228
8106
4389
3693
715
7772
5448
8388
3432
4420
4167
171
4303
4666
7422
3110
4619
8994
816
8100
8570
9389
4263
4538
8766
7664
8104
8731
7354
8168
5628
988
3835
2031
8931
7719
4581
1148
6836
8564
8211
3875
4477
7130
351
1538
1685
5618
5520
5623
2276
555
1122
5260
4045
170
2090
4589
9763
6539
2406
5460
5088
5687
3911
9772
9125
225
8509
2083
6004
9842
4537
7847
8172
9178
4105
9821
4766
518
4856
1195
7706
4172
9450
4994
494
2796
2239
7968
7324
7606
1115
3297
8709
9917
468
4516
6701
6519
6437
7175
5766
8846
6547
8825
8737
6415
2859
4096
3349
9269
5403
5914
3445
1253
3637
5551
2803
8455
9108
5831
5353
439
3690
105
9238
9512
9154
1682
8014
267
9793
1537
392
4627
158
4787
6026
7273
4054
5489
1076
5104
9157
3572
5917
8391
3169
8478
4023
188
8724
37
6827
9841
5054
3330
4357
4826
3416
2831
2295
9623
3782
4224
3792
6518
8604
5425
2724
2499
9299
5283
3695
6079
6131
3392
6344
6761
4808
408
4938
4493
9239
7802
8287
1411
1776
5819
3003
1028
9663
7767
8788
9268
3219
9980
3694
9309
7533
5312
211
734
8568
7103
8579
1206
4566
9871
4933
8964
6557
1256
9877
3716
7316
756
3857
9328
5374
1445
6834
4368
4252
7030
8613
3627
8920
7915
7451
6319
383
7921
5196
9410
123
3912
4527
7723
3031
5118
9847
9173
7028
9417
9434
6470
6371
9317
6843
5181
3069
7257
7656
3706
2836
8949
5194
1780
5920
9508
5466
8877
7634
3891
3949
9767
7766
5363
6579
1693
7863
6499
3399
1939
9245
9525
6500
1039
9595
2674
146
1609
3653
7045
7804
2274
8902
7312
5188
1111
4082
6932
4078
373
4906
8802
9500
4216
7190
6053
7740
2061
4656
260
3072
9904
1892
5111
4123
9805
5278
7004
2518
7017
2934
3824
9813
7791
4081
2872
2824
7059
5888
9725
11
3563
9366
7078
9155
6839
168
150
9197
5422
3557
8427
7775
6751
2953
8468
7685
2183
7171
3840
3638
8272
781
6148
306
5759
2711
4801
7607
7540
9940
5501
5674
5432
2961
7185
3194
9978
3266
3099
3338
7402
3617
3079
1834
9812
1785
9307
4129
7483
3196
9273
1730
4607
4336
8326
547
1580
3847
8718
3924
7399
1085
2421
9018
1066
4186
7770
5764
5577
6139
127
4416
5610
7914
9786
8349
7336
4405
9547
9931
9156
4810
4217
9651
8006
5925
4236
2601
3927
6242
7280
223
5479
7421
9951
4425
7826
8490
4304
9207
4003
6450
4879
6323
6730
5793
1406
9528
4356
780
5536
7124
7561
1746
6842
1135
3475
2901
1210
9381
5818
8452
1736
9972
2964
4135
3007
110
4936
1044
9451
9816
3493
1943
5796
1608
5938
3842
5101
8458
5997
4572
5055
7228
7603
4352
349
4602
1643
7682
9741
5656
3155
5307
4917
4181
7058
2958
4618
3887
5704
822
6066
6330
4669
710
8707
537
9243
6085
8824
3077
1627
8744
3128
4971
9495
1216
1447
7090
391
9010
7142
330
2384
5276
7166
4309
176
3596
1613
6874
9783
4780
7249
6157
872
2266
6652
8496
5061
5699
6008
4892
9000
7579
4989
1895
1553
3473
8296
8567
9130
7694
4926
8275
3017
2735
2985
2512
9219
4902
7266
9380
7126
1740
4152
9878
4944
3747
5097
1840
3406
9124
7716
6786
3326
4993
8544
6001
7235
2572
3632
1833
2605
3304
2769
2068
8042
5550
6143
8120
5722
7499
2580
1813
4158
2169
2926
120
4450
9167
5086
7342
5517
3423
3447
4905
6488
6769
6879
8285
3135
9555
7232
1262
9257
1476
4922
3422
7866
5737
6232
7352
8872
6525
6820
1669
9979
5531
9778
1487
6753
9452
4657
5539
3277
5204
7678
9581
2551
2780
1286
8649
2073
1140
8382
3382
5158
2185
4900
9849
4047
9614
8930
1395
144
7602
5289
3082
2268
6858
5391
6275
860
9481
398
5017
8688
2759
2853
3217
3049
4466
650
4573
9076
8616
8387
2750
842
9607
1525
4479
8550
4262
5654
4671
5504
1877
9426
1783
5326
4637
6241
4235
8791
3256
8232
6056
8761
9295
8150
399
6482
9061
5733
4322
5836
8572
2070
3669
5643
5418
4564
4649
8277
1387
8656
3467
3157
3258
5598
7952
9206
297
6924
6642
5856
472
3683
1067
6209
9274
187
3993
5868
9517
8618
9423
6673
4596
1414
9490
3967
7276
9153
1328
8979
3322
9369
7771
9536
1731
6130
7475
4111
7641
4580
4168
1463
2501
4302
6939
4422
1948
3001
7434
6702
8901
7926
2900
4623
2873
3781
5987
9826
7676
9775
5690
1183
8500
6286
5251
9407
1485
1953
3893
7163
6363
3065
424
6362
9290
7999
5930
3901
3278
493
8358
7008
8183
1123
6024
9096
5596
3124
944
6269
3306
4446
9209
3566
9923
3491
2214
4199
5608
4370
5344
6183
6140
4814
1777
5366
4715
6762
7351
7728
8919
8021
9713
839
2638
6855
8589
8321
7478
7436
9840
4121
6041
4983
7146
1353
521
7275
3532
476
2855
4839
1338
9997
8085
5862
6429
7844
4752
6149
2704
8199
9401
1655
6325
4386
5022
7998
455
4696
6512
5277
6883
6926
7027
6494
6675
9638
5676
965
5041
5661
2148
9050
7800
9261
7619
6969
8669
9051
5667
8039
5688
8519
8798
9142
3025
791
8119
2056
7698
2508
9794
9334
8289
9814
6726
7019
961
3236
5731
4441
7021
6690
5962
8337
430
2766
2340
6391
4997
7377
9852
4535
3011
7691
3514
2694
8823
8123
4890
9075
477
8464
9724
8833
3214
6679
5155
6410
3531
5074
7958
9121
5172
763
2854
1235
6023
246
2919
9327
2087
7490
5805
5991
9455
7868
6946
5397
4858
8524
5650
4146
9590
7229
7748
9731
6164
7633
3325
5887
9231
9654
8882
3916
1998
4412
5261
9530
1047
6425
2407
7092
9019
2063
7444
7077
6597
7752
348
2957
1977
5435
5810
7009
6732
5842
2945
7843
8890
4385
1910
502
4144
7216
8765
7245
6036
4644
7449
2869
9754
8836
1059
5395
9263
7734
6586
6259
9916
3083
8704
6399
6595
9267
8315
212
5069
8013
9567
6035
6963
4220
8868
9021
6909
6581
4284
8180
8652
5240
2922
9599
2381
8888
3755
4174
9705
6458
6588
4218
9732
513
7448
5191
7410
4929
6833
9034
5200
6310
5216
8862
8441
5668
2787
4006
4269
217
1690
6342
5098
5273
3603
7761
3546
36
658
920
7282
2538
8506
9700
3849
2590
386
6111
6377
9634
8213
6809
4809
4402
5557
7413
3917
1707
8726
9492
2794
8291
5169
3576
3710
2852
8031
4754
5263
8368
3742
2950
5889
750
3158
9800
9952
3730
5021
3776
8764
8698
470
2775
7515
2265
9091
7616
7139
8981
9437
4583
9554
8308
3519
7801
3763
3647
7891
6052
9475
5983
5267
1975
858
2370
8553
9199
9941
3061
5680
1180
1952
7240
6357
639
6639
9132
6359
531
5482
5884
3461
8329
3727
7942
4119
3662
4329
7365
5364
3799
1907
4601
3558
4117
3043
8503
8410
3396
5242
9359
6965
9427
4267
5189
9191
7136
6466
6628
6866
7224
7332
9226
3625
8637
3543
3207
5537
4586
3751
3300
3863
8107
8687
4941
7510
487
8715
2632
9252
1493
8077
1305
9175
9195
9641
4695
769
4530
8697
1103
5878
4178
2976
8380
2943
7001
777
9028
0
7777
8313
7041
8867
6249
7378
8442
4854
3582
3123
6192
5119
6457
4254
8674
5011
3364
1461
164
3479
2472
2105
6532
9447
5106
4837
3600
92
3454
7604
4540
6301
3050
9127
3520
3788
7574
5937
8763
3732
7986
5939
1271
8790
8000
8840
2344
9760
5384
7442
8743
4652
8080
6808
6703
7072
2991
6195
4209
3992
6146
6077
9524
7995
8549
4664
4872
1891
5725
600
6615
9788
9647
5863
9058
3707
2887
2069
5648
9360
607
5185
8831
6705
42
1307
6207
7178
7941
7195
862
6084
5708
7372
6361
8142
6823
3832
5689
8091
4349
3988
8959
4017
6329
3116
5604
7552
6906
6018
4492
4232
6517
6721
3471
6322
2988
5929
5817
3622
2996
9045
5436
4956
5238
8542
9001
7219
9602
9962
5493
3000
892
6251
8739
7535
8961
6235
6671
2058
1041
2851
6262
3223
9343
8777
3540
3057
6334
3334
5981
5309
2897
3634
4541
8426
7973
5703
8513
1326
2157
7154
1865
4789
4722
235
6487
475
4884
6867
9712
7220
1352
5179
5465
9721
3541
8598
7797
2060
3347
4947
4746
9585
3503
9319
6853
8161
7155
8900
9335
7918
5385
9825
9448
9119
7064
2920
6295
3806
4361
5553
6468
199
9122
7922
5627
579
1980
4973
4259
3997
9584
885
4100
7642
8482
437
9948
3569
7066
3610
2905
7812
8417
8778
7630
8757
8234
5852
9958
8062
3811